p cnf 9277 1912
-5513 -3249 0
9185 -6399 0
-1478 -8634 0
321 -3071 0
4385 -1601 0
3374 -3869 0
6690 -4749 0
5623 -7254 0
8418 -216 0
873 -1592 0
-3498 -2209 0
3098 -7962 0
-4298 -4945 0
-2111 -4145 0
3469 -8174 0
-689 -8646 0
-5126 -5065 0
-8912 -5266 0
2610 -8419 0
4067 -7559 0
-6147 -7846 0
7905 -5495 0
3330 -2919 0
6511 -5603 0
-2052 -2272 0
-3820 -3061 0
2874 -8683 0
-7298 -1777 0
-2127 -5865 0
8913 -9067 0
1073 -4385 0
5228 -7955 0
-4481 -8412 0
661 -1474 0
1398 -6157 0
269 -2187 0
4857 -8005 0
8817 -8063 0
-8871 -9125 0
-8616 -6600 0
-2265 -7912 0
-1581 -6020 0
1891 -4254 0
2756 -429 0
-2783 -4625 0
5871 -2336 0
-8348 -2078 0
-7241 -9269 0
7955 -4932 0
6499 -5971 0
-296 -1333 0
79 -7346 0
392 -7410 0
-6853 -6774 0
-5764 -8256 0
-5338 -5389 0
5418 -1291 0
6386 -1607 0
-6851 -7459 0
-4313 -137 0
1555 -7129 0
4428 -6261 0
5134 -4257 0
-255 -5154 0
-5876 -7699 0
6984 -3274 0
-4546 -8003 0
-6776 -5493 0
1731 -8716 0
6187 -8335 0
6678 -5109 0
8189 -1316 0
1732 -1125 0
-6768 -2692 0
-1127 -2714 0
-4704 -256 0
5481 -6962 0
675 -1720 0
-1683 -7904 0
8168 -4678 0
-4541 -6695 0
-5706 -2861 0
1682 -8293 0
8101 -6784 0
7022 -9169 0
-9168 -6829 0
6749 -3699 0
1378 -2368 0
2726 -2443 0
2175 -1717 0
4616 -3562 0
-7917 -4388 0
1248 -5388 0
-1530 -8952 0
6482 -2403 0
8952 -5470 0
-279 -6391 0
560 -418 0
3705 -1504 0
-2113 -316 0
-5373 -7514 0
-695 -7405 0
-793 -1617 0
962 -2135 0
5145 -4071 0
8040 -941 0
6743 -9119 0
-7866 -4146 0
1605 -4338 0
3824 -3444 0
-3477 -804 0
6435 -4533 0
5749 -2998 0
6448 -3777 0
-92 -1729 0
3223 -3365 0
6674 -1041 0
8214 -7930 0
-1445 -8819 0
-8031 -8109 0
-139 -4388 0
643 -6990 0
6935 -3746 0
2695 -8483 0
-8434 -3112 0
7315 -5292 0
4625 -60 0
5599 -2457 0
6905 -2060 0
8288 -6021 0
4136 -2785 0
2135 -2351 0
-2808 -5559 0
-4307 -2791 0
-1412 -9214 0
2462 -4653 0
4379 -7296 0
8242 -2448 0
-7595 -5290 0
7909 -4600 0
7596 -6597 0
1851 -385 0
2656 -990 0
-5222 -4842 0
-6891 -8301 0
2687 -2667 0
3076 -3105 0
3382 -3207 0
4306 -5868 0
-6718 -3108 0
5686 -9138 0
8451 -4645 0
-1303 -4288 0
-7661 -3297 0
2116 -688 0
3794 -4138 0
2764 -8054 0
-6721 -8686 0
4334 -5903 0
-8547 -4324 0
-6720 -2039 0
3966 -5445 0
-4473 -1798 0
5320 -7252 0
8407 -296 0
-4428 -6094 0
-856 -931 0
7322 -4444 0
1935 -8322 0
5451 -1024 0
-7898 -6869 0
8769 -8545 0
-1198 -2772 0
7829 -5226 0
5817 -5090 0
918 -8123 0
-9059 -8342 0
-4726 -7850 0
-6841 -6141 0
3089 -8637 0
2729 -470 0
5016 -2207 0
9129 -868 0
2552 -5309 0
-1716 -7158 0
-3048 -3766 0
-2093 -4827 0
6397 -6624 0
3947 -1080 0
-600 -4175 0
1976 -2246 0
-314 -6792 0
3554 -117 0
-7161 -441 0
9254 -5716 0
8440 -5340 0
-4071 -5702 0
-5325 -651 0
2243 -438 0
8575 -5550 0
-1672 -6175 0
8313 -3888 0
-3826 -1871 0
275 -4538 0
7736 -6967 0
5829 -2453 0
8245 -2472 0
7166 -6114 0
3966 -31 0
-1186 -8754 0
-7934 -276 0
-3494 -2034 0
532 -4409 0
-1541 -7159 0
8731 -3746 0
3259 -4442 0
2649 -8090 0
2230 -6910 0
-3041 -5908 0
-3831 -6852 0
-1372 -58 0
4032 -3584 0
4161 -807 0
550 -3232 0
-3534 -1792 0
7590 -6195 0
736 -8905 0
-2565 -1162 0
-1789 -8777 0
-4588 -6580 0
8524 -6781 0
7539 -1241 0
3650 -4778 0
5887 -5837 0
-8366 -7148 0
8519 -3547 0
-9110 -8028 0
5217 -316 0
8300 -4722 0
1846 -7961 0
2473 -8264 0
-1593 -5489 0
2648 -2767 0
8437 -9118 0
-3574 -8207 0
-3863 -3935 0
-1363 -5225 0
8615 -8157 0
-1693 -7871 0
4949 -7327 0
6407 -6803 0
-1975 -4455 0
279 -1570 0
6416 -2788 0
7257 -8171 0
-9098 -8675 0
-4512 -4554 0
6961 -6768 0
-949 -6427 0
8206 -8097 0
5611 -5196 0
1057 -8354 0
-2218 -5575 0
190 -5692 0
-5748 -4878 0
-214 -1381 0
2753 -3084 0
-2062 -4854 0
7723 -2662 0
286 -7987 0
9010 -8858 0
-1342 -2726 0
-1276 -403 0
-4206 -2275 0
-7413 -8789 0
-892 -4282 0
7787 -2875 0
-8042 -7139 0
7310 -3686 0
4835 -4128 0
-2570 -8979 0
3323 -64 0
-1191 -2302 0
4924 -6301 0
-6186 -6807 0
1824 -3721 0
-4485 -4598 0
58 -387 0
-361 -1306 0
1780 -997 0
-4034 -5081 0
7360 -7553 0
3944 -869 0
614 -1409 0
5772 -4156 0
7428 -1547 0
2850 -6514 0
-7384 -5922 0
-984 -7502 0
-1389 -1693 0
-2530 -6963 0
2068 -4534 0
-3943 -20 0
-1995 -368 0
-22 -5749 0
7055 -7125 0
8923 -1440 0
1627 -320 0
2480 -2042 0
7090 -8537 0
-9163 -8411 0
6856 -1135 0
8442 -9227 0
-1577 -4092 0
1203 -1997 0
-5155 -8277 0
-8067 -5592 0
1368 -2397 0
973 -2519 0
612 -3198 0
-8480 -6993 0
-5111 -7109 0
8734 -6124 0
8648 -2571 0
4337 -7662 0
2201 -868 0
1201 -8104 0
-2130 -3695 0
3557 -5927 0
9209 -5163 0
-385 -7749 0
5585 -6219 0
-9188 -519 0
5772 -7302 0
-5823 -8458 0
-2859 -5215 0
-2795 -9206 0
939 -7146 0
-3606 -1024 0
4118 -9113 0
1670 -619 0
1617 -8091 0
7361 -651 0
8271 -2261 0
6219 -330 0
1471 -8550 0
-6830 -5341 0
-4487 -8709 0
-8319 -6789 0
-2697 -4318 0
4659 -8824 0
8744 -6968 0
-5562 -4864 0
-6830 -8911 0
4068 -8338 0
7279 -7883 0
-6202 -4734 0
-5826 -3774 0
-1641 -2726 0
-4972 -1538 0
7578 -3645 0
5343 -691 0
-145 -3542 0
-6113 -5896 0
8485 -4070 0
1751 -8324 0
8409 -6259 0
4402 -7712 0
640 -83 0
-6834 -4214 0
7533 -6806 0
5949 -414 0
1577 -3251 0
-7383 -8365 0
-165 -3312 0
980 -3228 0
3136 -307 0
3146 -4210 0
-3090 -1084 0
-1374 -1347 0
3213 -5663 0
2802 -2190 0
7160 -5148 0
5755 -7857 0
8048 -1883 0
8410 -3681 0
-6886 -4389 0
2697 -3476 0
8047 -1739 0
-6656 -4790 0
-7167 -1591 0
5246 -2523 0
6813 -9036 0
-641 -769 0
8711 -7771 0
-2966 -5935 0
-174 -4854 0
7242 -2593 0
-1136 -4823 0
-5100 -2554 0
8707 -88 0
3181 -5579 0
608 -8717 0
-7528 -8494 0
-8824 -8076 0
4684 -2756 0
-1625 -8689 0
-4758 -5886 0
-2674 -6732 0
2180 -3116 0
-2831 -7593 0
1668 -6534 0
3370 -8761 0
5684 -3967 0
6950 -6890 0
3738 -4716 0
-4299 -137 0
5008 -1877 0
4389 -6597 0
1272 -8712 0
5851 -8503 0
-629 -3268 0
-8925 -9208 0
5637 -1309 0
864 -5067 0
-7251 -7302 0
1844 -6427 0
-513 -2901 0
-486 -8140 0
-3817 -6382 0
-7283 -2774 0
2873 -3268 0
908 -5659 0
2211 -2665 0
9094 -7568 0
1509 -6589 0
-7138 -8355 0
-8688 -6047 0
-8846 -232 0
3049 -2325 0
-4828 -2699 0
7257 -5160 0
3560 -4448 0
8627 -288 0
9232 -962 0
-7850 -1061 0
-6832 -4425 0
5678 -4459 0
1233 -1477 0
5564 -8238 0
-1507 -1802 0
8618 -761 0
895 -6671 0
-7774 -2152 0
2345 -2822 0
-2591 -8827 0
2286 -1700 0
-6662 -8781 0
1663 -6188 0
5661 -5844 0
4561 -9125 0
982 -8169 0
7323 -6015 0
-7677 -7359 0
-7250 -1059 0
3662 -1591 0
7981 -7767 0
4566 -6858 0
-4823 -7131 0
1738 -9205 0
-5770 -5944 0
-4240 -849 0
-1968 -7057 0
-6147 -1852 0
-1637 -1816 0
8405 -3534 0
-5868 -4945 0
-1346 -8678 0
6962 -3486 0
-8594 -2023 0
-3586 -171 0
7197 -6557 0
3707 -3366 0
2495 -5408 0
-2792 -8548 0
-3716 -7057 0
-1770 -3411 0
-8723 -313 0
-4691 -278 0
-8507 -8095 0
-4908 -9068 0
-3039 -4771 0
-2887 -567 0
7542 -4081 0
3389 -2887 0
-4014 -8776 0
-8767 -5118 0
-1876 -1324 0
-1075 -9169 0
1533 -7668 0
-3145 -6338 0
-6105 -5519 0
3374 -6420 0
-3999 -3366 0
6426 -281 0
7878 -1746 0
2080 -2600 0
94 -1674 0
1155 -8645 0
3758 -2434 0
-1365 -2977 0
5719 -3831 0
-4630 -4005 0
-8499 -1683 0
5978 -6374 0
-1637 -196 0
-4678 -2583 0
-7449 -665 0
-8600 -4051 0
739 -6407 0
-5031 -2514 0
-4522 -3180 0
4972 -8620 0
2198 -4747 0
6558 -1403 0
8021 -9182 0
-4872 -726 0
5616 -6150 0
-7321 -7519 0
3683 -7924 0
-5620 -2345 0
2468 -173 0
8306 -9262 0
3076 -7532 0
-906 -2739 0
5208 -479 0
-5734 -5715 0
-5125 -6007 0
5098 -2695 0
-5337 -5958 0
8169 -4641 0
4558 -8192 0
-1509 -8814 0
4249 -7581 0
-7822 -5843 0
-5563 -7921 0
-1280 -4865 0
-3102 -1213 0
2568 -8392 0
-1825 -6586 0
8544 -7042 0
-5469 -7584 0
5539 -8985 0
-5049 -4012 0
-6148 -9089 0
4450 -7809 0
-2365 -8480 0
-6781 -8844 0
-2008 -4580 0
4477 -2048 0
-2445 -1002 0
-215 -6904 0
5773 -5015 0
-6015 -8758 0
5816 -5577 0
-546 -5650 0
-8899 -4276 0
-4257 -2416 0
6225 -4827 0
-3501 -1286 0
-3778 -6752 0
-1 -3469 0
3581 -5131 0
-7408 -3931 0
-6266 -8000 0
-147 -1627 0
-5459 -5983 0
-3663 -1501 0
8723 -5727 0
-2764 -4445 0
-3478 -1907 0
1401 -222 0
-7748 -2361 0
-4984 -4980 0
634 -3590 0
3535 -7677 0
5960 -4782 0
7013 -7300 0
-337 -2601 0
5043 -3844 0
-2715 -1301 0
-7727 -4221 0
162 -1035 0
6814 -915 0
4124 -7483 0
-2848 -3665 0
6717 -2870 0
-1309 -4018 0
2248 -8763 0
-8594 -8416 0
-8986 -3458 0
5137 -3120 0
-961 -886 0
4253 -7837 0
556 -6573 0
-6876 -5818 0
-8478 -1941 0
3575 -3256 0
6765 -886 0
-1890 -4638 0
-2058 -497 0
-2056 -3559 0
8299 -6582 0
-4462 -217 0
-4712 -8087 0
1560 -5332 0
-6229 -5238 0
5005 -3203 0
4359 -4645 0
5194 -5678 0
-1305 -4027 0
3635 -1207 0
-327 -8927 0
6119 -8036 0
-5167 -1550 0
-8902 -7569 0
-1827 -7373 0
-7727 -8272 0
-8747 -3031 0
2899 -7072 0
7065 -6374 0
3707 -4674 0
-1111 -4841 0
-8487 -4347 0
-9248 -1973 0
-35 -1943 0
4352 -7505 0
-2408 -5788 0
7784 -8561 0
-7496 -3940 0
-5808 -884 0
-7829 -3506 0
-371 -3932 0
-4725 -566 0
745 -6068 0
-285 -17 0
-4751 -827 0
-131 -5771 0
-5284 -6401 0
-1094 -7202 0
3972 -3864 0
-8009 -1942 0
-1843 -8374 0
1442 -9255 0
6225 -5521 0
7422 -587 0
8338 -4669 0
4179 -7839 0
-1054 -4620 0
2254 -7167 0
-4818 -8919 0
6559 -3405 0
-2275 -2918 0
7433 -3862 0
8348 -4337 0
-6075 -4871 0
1901 -4316 0
504 -5445 0
-2495 -6371 0
-7759 -5065 0
7998 -8796 0
6768 -2709 0
-8198 -1476 0
938 -5232 0
2103 -3991 0
-1022 -7356 0
-1136 -6409 0
-92 -3516 0
-6170 -1519 0
8137 -497 0
-1745 -1587 0
-5373 -3635 0
6993 -2869 0
-4092 -2848 0
-7591 -6007 0
7609 -7683 0
-8530 -7495 0
-7172 -7886 0
3935 -4930 0
-3375 -4269 0
6624 -9254 0
-2570 -1359 0
1017 -184 0
-8522 -6789 0
-6900 -1894 0
-5308 -2445 0
-9000 -3832 0
-2899 -5457 0
-8381 -716 0
7702 -1616 0
-3278 -3938 0
3810 -2993 0
-5490 -5907 0
5961 -5912 0
1503 -2314 0
3325 -4413 0
-4206 -143 0
1503 -5930 0
1829 -8208 0
-5746 -4820 0
5859 -4216 0
7098 -6209 0
4288 -2002 0
9138 -8338 0
1171 -2666 0
5062 -8523 0
-2456 -5948 0
1045 -8685 0
-1092 -4219 0
4239 -4973 0
-212 -9270 0
-3579 -2679 0
7722 -3729 0
-7340 -5633 0
2846 -4415 0
-5382 -3659 0
6486 -7546 0
-620 -7109 0
-8360 -814 0
2298 -801 0
88 -6033 0
7394 -2463 0
-202 -6812 0
5103 -256 0
3380 -4363 0
3764 -8809 0
7674 -7751 0
-351 -2939 0
-556 -2013 0
-2805 -1069 0
4246 -5936 0
-3723 -8447 0
-7878 -2005 0
-401 -4252 0
-2754 -7883 0
4948 -6605 0
4845 -7647 0
685 -8283 0
6327 -932 0
1375 -6008 0
8079 -4358 0
5943 -4141 0
6050 -7453 0
-6458 -606 0
-5926 -3738 0
6780 -8357 0
-2035 -2650 0
-1954 -6849 0
2969 -4137 0
1368 -7591 0
2278 -7828 0
-6287 -6281 0
3516 -7141 0
-5779 -2890 0
4949 -9245 0
3641 -2901 0
958 -7181 0
-8655 -8811 0
-2337 -3549 0
4516 -1765 0
3629 -2594 0
3801 -4915 0
9034 -6381 0
6842 -4390 0
6224 -6049 0
-2343 -694 0
-4986 -7487 0
-13 -6034 0
-4404 -4237 0
4517 -7810 0
5540 -2662 0
899 -4387 0
6691 -8499 0
5876 -1980 0
6996 -4478 0
1916 -5298 0
5826 -9028 0
-8674 -4288 0
-8371 -7152 0
8008 -3426 0
7428 -1192 0
9160 -3125 0
7101 -6090 0
987 -7572 0
-8235 -424 0
2300 -8646 0
-7812 -5132 0
8448 -4630 0
6339 -7777 0
-3650 -397 0
7128 -3604 0
-7858 -6186 0
-2742 -2519 0
7542 -3425 0
-1559 -885 0
4599 -988 0
3906 -5798 0
6610 -8834 0
7997 -8490 0
180 -4433 0
8457 -454 0
-3597 -184 0
1172 -5931 0
7138 -1218 0
3302 -2805 0
898 -8258 0
4909 -7416 0
-7283 -588 0
5779 -8051 0
-3222 -164 0
8551 -4936 0
9012 -5505 0
-8431 -9026 0
2478 -6614 0
79 -6800 0
4193 -8553 0
-3293 -933 0
-1203 -7992 0
-7048 -1936 0
-9252 -576 0
6832 -7834 0
-8552 -8394 0
-4618 -5851 0
-1618 -8897 0
4600 -1758 0
658 -6408 0
8485 -457 0
-5272 -37 0
-7284 -2122 0
991 -7199 0
-8551 -279 0
-8961 -6495 0
2803 -4828 0
-5118 -2991 0
-6630 -7269 0
-6413 -7153 0
3310 -3399 0
8235 -83 0
-5304 -5494 0
2214 -7068 0
2104 -3385 0
6032 -3002 0
-4342 -5458 0
1797 -3986 0
8651 -1410 0
1023 -7525 0
-9127 -5334 0
8606 -5742 0
6322 -1701 0
7831 -3452 0
-1827 -7275 0
7613 -4869 0
7051 -5190 0
-211 -5893 0
-5079 -8821 0
8305 -2114 0
2865 -7532 0
-4718 -1906 0
9099 -7898 0
-5331 -5723 0
-7426 -2953 0
2002 -4340 0
8772 -6248 0
8899 -4435 0
1626 -3254 0
-7791 -4431 0
644 -4735 0
6095 -7312 0
-8831 -4502 0
-1587 -8489 0
6078 -2083 0
7845 -143 0
-3356 -3933 0
-3323 -4654 0
-8991 -4259 0
-3887 -6491 0
-6892 -7104 0
3717 -3271 0
4479 -6388 0
6293 -6847 0
2786 -2805 0
4614 -4216 0
-2545 -5241 0
-3298 -2031 0
5002 -2895 0
-7399 -3339 0
6012 -8530 0
8612 -344 0
-5353 -7624 0
-5792 -8876 0
7830 -8234 0
7917 -1548 0
9022 -7325 0
6201 -6892 0
1791 -2862 0
-2259 -337 0
3679 -7703 0
-3904 -8293 0
1507 -4612 0
-2138 -5950 0
-4473 -7520 0
-6792 -7050 0
1118 -1059 0
66 -2238 0
-1933 -9237 0
6754 -6546 0
4464 -3112 0
-8781 -1019 0
6799 -1313 0
2072 -9257 0
655 -2332 0
5280 -3953 0
-4116 -7889 0
-1611 -3169 0
-1077 -8352 0
7092 -2486 0
-4053 -5170 0
7202 -9049 0
7122 -3177 0
9172 -3592 0
-8638 -7247 0
-104 -1287 0
7578 -2871 0
2433 -4708 0
6831 -3177 0
-2712 -5657 0
-8606 -2005 0
161 -570 0
7339 -2352 0
4739 -7351 0
-6566 -7919 0
-2672 -3705 0
8199 -3707 0
-3089 -3467 0
4713 -2705 0
-8854 -682 0
8595 -2747 0
-38 -4698 0
6038 -1908 0
-8464 -5617 0
3554 -7904 0
4817 -4335 0
-5755 -3508 0
-3426 -1678 0
-7539 -5588 0
5290 -6986 0
-949 -5804 0
-5415 -7380 0
-2813 -5154 0
-5198 -8162 0
-4368 -4467 0
6010 -3886 0
-3111 -985 0
-6551 -6553 0
1502 -99 0
5836 -6954 0
-8881 -1738 0
-6906 -1248 0
-8846 -6019 0
-1499 -6166 0
-7782 -6469 0
-8652 -1216 0
1248 -4930 0
-7323 -5009 0
-6197 -4659 0
-7890 -403 0
-9030 -3530 0
8828 -5762 0
-6429 -5735 0
-6768 -9260 0
2770 -3890 0
2559 -6361 0
9015 -1148 0
6137 -8260 0
5836 -2555 0
9189 -5157 0
2170 -5805 0
-3564 -5220 0
-4453 -7631 0
-4026 -2227 0
-4798 -2923 0
-6663 -1857 0
-7218 -6094 0
-926 -3956 0
-307 -5658 0
8582 -6507 0
3209 -7627 0
6201 -7238 0
-151 -1938 0
-1218 -7638 0
-5073 -2561 0
-5465 -7622 0
922 -7420 0
-264 -1769 0
8093 -9071 0
352 -1897 0
-121 -1316 0
-7359 -6763 0
1551 -6034 0
5179 -4367 0
-1206 -3856 0
-3668 -614 0
8318 -4440 0
-8705 -1035 0
-2685 -5698 0
3673 -3943 0
3303 -6765 0
5779 -176 0
-2735 -3946 0
-100 -8838 0
6562 -2084 0
-1137 -1448 0
-2990 -1784 0
-4015 -6995 0
816 -6582 0
-7209 -4113 0
466 -7291 0
-7385 -549 0
7096 -3438 0
5418 -1362 0
1345 -8826 0
-805 -3861 0
612 -7085 0
7715 -3546 0
-2002 -5017 0
7960 -6754 0
3457 -8508 0
6800 -952 0
2729 -8773 0
3463 -5261 0
-9066 -2732 0
6923 -6302 0
6195 -2683 0
-4076 -5373 0
5833 -6058 0
-3757 -7743 0
2340 -4844 0
7587 -6547 0
-915 -4400 0
-4688 -6085 0
3552 -7332 0
5261 -5476 0
-7458 -4879 0
2390 -8724 0
6074 -7893 0
1114 -8994 0
-7629 -1518 0
9187 -4910 0
-5340 -122 0
-1882 -2589 0
-7739 -4415 0
-7452 -5256 0
4206 -4186 0
-8010 -6677 0
-813 -6047 0
2386 -3813 0
7762 -5541 0
-5940 -1697 0
-7257 -1127 0
3614 -5503 0
8666 -1985 0
7817 -5342 0
-4106 -8151 0
-3869 -3725 0
-3598 -8204 0
3988 -6612 0
3277 -5153 0
8158 -4776 0
4773 -4319 0
-2056 -6012 0
-7518 -6580 0
-3984 -5220 0
2430 -6211 0
4685 -6984 0
8092 -1606 0
-3364 -8720 0
-2569 -8006 0
-848 -2420 0
-1199 -9138 0
4393 -7398 0
-6579 -5924 0
-8125 -1767 0
3830 -6542 0
-6832 -5723 0
1954 -1527 0
-7675 -3789 0
-5789 -7520 0
-8655 -7886 0
-5251 -8058 0
5038 -8357 0
-2046 -3773 0
-1067 -1349 0
-3418 -1642 0
3103 -1182 0
3634 -1355 0
5173 -1906 0
212 -7357 0
-3259 -7460 0
6706 -722 0
1438 -7054 0
6847 -7566 0
-2362 -1501 0
-110 -7688 0
-7045 -6949 0
-1149 -1577 0
3607 -3256 0
5382 -2879 0
-1601 -4560 0
-894 -1491 0
8605 -119 0
-7948 -8863 0
3009 -959 0
-6497 -9014 0
-8292 -1384 0
-7697 -648 0
-1053 -7700 0
-7091 -4574 0
423 -4458 0
-8696 -2133 0
6067 -2160 0
-4774 -3507 0
1656 -3522 0
-8763 -3100 0
-6031 -662 0
4722 -3999 0
5029 -5083 0
7859 -4060 0
-5359 -4220 0
3017 -6621 0
6536 -2317 0
-7832 -1265 0
7226 -4054 0
8684 -8860 0
-6995 -3854 0
2578 -4625 0
6117 -9083 0
-3093 -8698 0
8837 -6632 0
2675 -4258 0
1539 -2768 0
1303 -916 0
2780 -7863 0
-9039 -8629 0
-574 -6388 0
3195 -1101 0
-654 -4528 0
-7400 -2187 0
7463 -1018 0
493 -7276 0
420 -6627 0
-7808 -1052 0
-7021 -4072 0
201 -7479 0
8159 -828 0
2684 -423 0
5070 -7605 0
-4422 -4515 0
9135 -6722 0
4791 -745 0
7316 -7066 0
5893 -4710 0
-5585 -9006 0
-1023 -4243 0
5194 -2753 0
-4665 -7796 0
8989 -2930 0
2856 -7991 0
5825 -2514 0
-6343 -8439 0
4309 -2693 0
-7085 -3977 0
-1489 -4155 0
3438 -2011 0
8475 -2845 0
-2923 -8890 0
-1888 -7769 0
-6867 -2813 0
7786 -1325 0
-388 -4208 0
1147 -3328 0
-1048 -2140 0
-3014 -7695 0
6588 -6155 0
-5357 -1383 0
7675 -214 0
-1584 -2026 0
-2341 -673 0
4176 -5223 0
719 -2679 0
6888 -790 0
-8123 -6572 0
5085 -951 0
-2966 -1259 0
-5519 -451 0
-7380 -6043 0
-5350 -4229 0
-6590 -3285 0
8023 -8634 0
-8947 -8252 0
2023 -6038 0
7660 -804 0
-7519 -4099 0
-6931 -5986 0
7804 -9014 0
1606 -7519 0
980 -8972 0
1200 -8493 0
3597 -4585 0
8677 -1747 0
2674 -6127 0
-4350 -6081 0
5659 -4865 0
-7473 -8778 0
2344 -5306 0
-3237 -7858 0
6495 -2313 0
6314 -2984 0
170 -8759 0
-473 -8299 0
-5980 -1372 0
3799 -2122 0
-7676 -3095 0
2023 -248 0
7343 -8323 0
6335 -448 0
2926 -8450 0
-3168 -2566 0
-5619 -6140 0
9003 -3366 0
-7951 -3383 0
7047 -1035 0
-234 -7595 0
-4681 -8703 0
-1388 -859 0
-866 -7274 0
-2432 -2341 0
-5506 -17 0
-2353 -3109 0
-7907 -6216 0
5395 -4069 0
-3392 -1698 0
3562 -1501 0
-5278 -1974 0
8513 -1284 0
-3393 -2742 0
-7937 -2682 0
-2652 -1267 0
800 -7034 0
-3665 -755 0
-8473 -8372 0
944 -3007 0
-1235 -9249 0
2584 -5849 0
-2458 -9090 0
8731 -2312 0
-8194 -4926 0
-5544 -6071 0
856 -6500 0
-9107 -3675 0
-6282 -5874 0
6060 -5517 0
-6029 -6076 0
1647 -2581 0
4446 -399 0
-6069 -8830 0
2414 -2897 0
1403 -4487 0
-7186 -8722 0
-1643 -7878 0
-7459 -6205 0
-1363 -6211 0
199 -2412 0
-1195 -6083 0
-6026 -7480 0
-3990 -8614 0
-6772 -6376 0
-5254 -5354 0
8807 -3003 0
-1345 -1903 0
-3867 -2495 0
-6397 -4989 0
580 -3685 0
-7152 -2561 0
452 -1265 0
-2533 -61 0
3672 -3484 0
6952 -2235 0
-8359 -3792 0
-1091 -4317 0
-7459 -7735 0
3376 -5640 0
-3524 -6629 0
6969 -8596 0
8927 -5519 0
-8005 -7194 0
-8881 -2504 0
2716 -924 0
2080 -4367 0
3418 -4939 0
4341 -5801 0
6033 -6361 0
-6739 -6206 0
-528 -3907 0
-4842 -5048 0
-3933 -8831 0
-6855 -8456 0
5401 -5394 0
-1486 -7416 0
-4226 -7922 0
7273 -7162 0
7473 -4112 0
4973 -2705 0
-2398 -1566 0
-5935 -5092 0
5964 -2853 0
4642 -2816 0
-7129 -4566 0
4626 -993 0
9138 -9220 0
-6501 -8188 0
-2075 -9240 0
-8229 -3030 0
5432 -1217 0
-2621 -5449 0
5090 -1210 0
4087 -1236 0
-5216 -1271 0
-3673 -3660 0
7291 -7476 0
3109 -424 0
-4577 -3123 0
-568 -7287 0
7007 -3334 0
6479 -6685 0
-3921 -1213 0
-7530 -1276 0
-6137 -8243 0
-4591 -32 0
-8804 -2388 0
8344 -3706 0
6495 -920 0
-5008 -7263 0
-6511 -1723 0
5401 -5245 0
7837 -6421 0
-1305 -6076 0
179 -8860 0
-9087 -8621 0
-5967 -2600 0
6721 -2032 0
-3838 -5401 0
-6134 -7457 0
-2567 -6120 0
-5147 -5163 0
5807 -7394 0
973 -4488 0
-2840 -8541 0
-2012 -5644 0
7897 -5539 0
-1912 -4528 0
-4282 -5253 0
-7659 -6187 0
-2370 -58 0
1701 -7117 0
4077 -2082 0
-1319 -8499 0
-9166 -1545 0
8563 -3667 0
-3090 -3590 0
-5011 -5018 0
-40 -1552 0
8528 -3183 0
-2918 -8661 0
-5070 -5013 0
207 -8914 0
5675 -7260 0
-4483 -4762 0
5924 -5840 0
-7430 -2231 0
-2666 -3496 0
-6213 -1953 0
4842 -5390 0
-3687 -1377 0
-3022 -3480 0
6706 -7579 0
7274 -7675 0
8504 -4151 0
-1850 -2975 0
-1781 -9076 0
1925 -822 0
-768 -2777 0
-3973 -1768 0
3963 -772 0
-3023 -8235 0
5336 -1931 0
2682 -7091 0
9272 -2680 0
-7663 -6410 0
6720 -697 0
6850 -8510 0
-3217 -733 0
6320 -2025 0
8607 -4700 0
8956 -7849 0
-8387 -5117 0
6968 -1363 0
-6865 -6642 0
-4696 -3888 0
8640 -4394 0
-8497 -2335 0
1880 -4897 0
-4175 -5016 0
-8423 -7063 0
-5826 -2485 0
9014 -7482 0
-3735 -3449 0
-2356 -760 0
-4790 -7955 0
7731 -6269 0
-1233 -5176 0
4348 -1059 0
-2063 -3771 0
573 -8077 0
-1618 -8157 0
152 -1487 0
6716 -8750 0
-9130 -1749 0
7463 -2849 0
-3669 -3494 0
-2201 -8820 0
-8088 -3086 0
-1105 -2359 0
2620 -3738 0
2684 -75 0
-49 -1885 0
9155 -7103 0
-3332 -4581 0
-4762 -4182 0
-1660 -5182 0
157 -8648 0
2743 -7942 0
-6542 -6974 0
8417 -2214 0
6759 -6124 0
-7599 -2234 0
-2415 -3131 0
-3146 -3020 0
9200 -8049 0
1380 -8411 0
9013 -3253 0
2291 -5589 0
6729 -901 0
-77 -8250 0
4149 -739 0
-2245 -9035 0
2268 -1623 0
-2064 -2749 0
-339 -7843 0
-1693 -2636 0
-2946 -7465 0
-2072 -1315 0
-7532 -6584 0
1631 -8997 0
-4018 -9084 0
2239 -873 0
-719 -7398 0
-7142 -8279 0
-3626 -1126 0
-5097 -4046 0
6329 -326 0
-979 -4121 0
-1220 -5581 0
-2194 -1709 0
-3646 -281 0
6156 -5716 0
2524 -2730 0
-297 -109 0
-1324 -7510 0
-7930 -4521 0
-854 -1029 0
4560 -383 0
6002 -4132 0
-6615 -4007 0
8507 -1539 0
-5102 -8264 0
-8845 -1508 0
6378 -3423 0
6056 -6410 0
-1047 -789 0
3629 -6413 0
8794 -5137 0
5372 -9272 0
-4818 -3891 0
3445 -4068 0
810 -3892 0
-5257 -3148 0
-4498 -7427 0
3056 -2057 0
-2588 -9257 0
-426 -2646 0
-7982 -6479 0
-4003 -1741 0
7853 -8450 0
-8037 -7519 0
-7696 -3888 0
4097 -3354 0
-3661 -8479 0
-3666 -9245 0
-2312 -9034 0
7326 -4552 0
443 -2484 0
6598 -1312 0
3046 -8046 0
6232 -762 0
5467 -5416 0
-6503 -652 0
-4686 -244 0
1192 -3656 0
7747 -6074 0
1038 -3611 0
2397 -3088 0
3376 -1998 0
4154 -7821 0
-1235 -9035 0
-8626 -2127 0
-418 -4544 0
7590 -5094 0
4688 -88 0
8792 -3810 0
6941 -2575 0
-1411 -4880 0
2696 -4606 0
-9167 -3451 0
-7640 -8039 0
-7465 -4737 0
6224 -6774 0
-1552 -3891 0
3674 -9074 0
9008 -9223 0
-1666 -2218 0
-2235 -4887 0
6102 -4584 0
6933 -2843 0
739 -7621 0
-6432 -2530 0
-4522 -3722 0
-2146 -2242 0
7906 -3207 0
-4410 -7689 0
2869 -738 0
8357 -7919 0
8719 -6338 0
-3794 -4655 0
3206 -6528 0
-8536 -1911 0
2144 -8726 0
8501 -6687 0
6567 -1275 0
-610 -1312 0
-363 -4872 0
1722 -6582 0
-2431 -474 0
501 -7614 0
6857 -5233 0
-7317 -4145 0
-1266 -824 0
2648 -5572 0
1205 -7191 0
-7225 -7417 0
2209 -3044 0
-2970 -6149 0
-8774 -2476 0
-6731 -7075 0
-4330 -6374 0
1561 -9145 0
-512 -2240 0
-5266 -3323 0
2961 -1784 0
-3825 -8144 0
3338 -8451 0
8044 -7087 0
-3238 -4417 0
937 -3230 0
3785 -8409 0
876 -8106 0
6822 -6052 0
527 -983 0
-5169 -3762 0
-196 -7864 0
-247 -3755 0
6776 -4759 0
-215 -8659 0
-5497 -4237 0
7277 -6256 0
-8403 -1146 0
8756 -3856 0
-4672 -5750 0
-3928 -5818 0
-3242 -7334 0
-7840 -3211 0
-8734 -8284 0
4457 -4069 0
-2769 -4616 0
-2572 -1464 0
572 -1967 0
-4193 -4811 0
-2012 -8099 0
7535 -4243 0
-5772 -4635 0
8619 -4681 0
-9176 -2111 0
1777 -1921 0
-2238 -6213 0
-4078 -1509 0
537 -4192 0
5447 -6276 0
218 -7236 0
2726 -2133 0
-4529 -8023 0
1070 -2977 0
4896 -4600 0
-9226 -2363 0
-466 -8443 0
-6508 -8072 0
4246 -8518 0
3679 -422 0
-2359 -1229 0
-4403 -6271 0
4333 -443 0
3811 -335 0
-1470 -296 0
8251 -3672 0
5431 -6007 0
-2507 -5251 0
5183 -2850 0
2560 -1738 0
-8768 -6531 0
-4148 -6176 0
5491 -1663 0
-1735 -1184 0
-3914 -4035 0
-3156 -6080 0
3063 -4017 0
-7418 -5584 0
8496 -8034 0
-5470 -3961 0
-6717 -2049 0
5735 -4082 0
-4356 -4132 0
-1096 -4355 0
7364 -814 0
8044 -8516 0
-8135 -9270 0
-5130 -2763 0
-1106 -4261 0
-2252 -4169 0
4869 -8013 0
-6487 -8360 0
-8832 -3273 0
8253 -2179 0
-2944 -8303 0
-3916 -4392 0
-7726 -710 0
-486 -6981 0
-8667 -2450 0
-5567 -2025 0
-1415 -4748 0
-6188 -6213 0
-4642 -3399 0
1741 -1353 0
-4279 -4977 0
-3877 -4421 0
-6707 -8195 0
312 -7662 0
2064 -8284 0
1936 -204 0
-4592 -3223 0
-5546 -7893 0
-4410 -951 0
-7078 -4477 0
-4443 -4901 0
4173 -3454 0
5143 -2476 0
8214 -5619 0
-1993 -4715 0
-4000 -7923 0
6902 -8948 0
-3591 -1306 0
3009 -3138 0
-5993 -7248 0
2585 -6028 0
-182 -2420 0
9067 -7609 0
6811 -1739 0
-6398 -2858 0
1452 -3269 0
-1117 -3973 0
-2457 -7283 0
-5584 -3695 0
-1934 -7408 0
-6524 -6534 0
3029 -5762 0
5072 -5931 0
2151 -6906 0
-4327 -6745 0
9073 -4517 0
-1020 -6586 0
2658 -3918 0
-5419 -8358 0
5655 -7437 0
-7309 -8115 0
-4577 -7825 0
-2262 -7345 0
319 -5516 0
953 -337 0
7488 -7096 0
4778 -4910 0
-6762 -6089 0
2662 -1130 0
8294 -6617 0
3227 -678 0
300 -3130 0
-8013 -1167 0
-3112 -8193 0
4558 -7772 0
7895 -5175 0
-2658 -9177 0
5497 -8333 0
-7809 -1318 0
6389 -906 0
-2191 -750 0
7980 -283 0
246 -4528 0
-8885 -5121 0
8875 -2820 0
3634 -1370 0
-558 -2683 0
7498 -7666 0
7218 -5382 0
-2629 -4148 0
6414 -305 0
-8637 -932 0
-4243 -1628 0
8156 -7657 0
4674 -4319 0
-4938 -4209 0
-5769 -3244 0
-2627 -43 0
7066 -940 0
-7926 -1317 0
-100 -3899 0
107 -3707 0
-3812 -8533 0
-5535 -1647 0
-1252 -6537 0
-3505 -8866 0
2889 -8963 0
6655 -1037 0
3895 -7079 0
4670 -6856 0
-2526 -8655 0
672 -5700 0
3998 -7466 0
1729 -4913 0
6696 -2585 0
6684 -4317 0
1931 -1879 0
8088 -6280 0
6498 -4510 0
-7437 -656 0
-2997 -8718 0
3983 -4695 0
-714 -7668 0
7916 -4672 0
-2318 -1524 0
3368 -4960 0
-7797 -4297 0
3034 -2256 0
-1084 -1746 0
-6889 -9216 0
7862 -6939 0
-7068 -3827 0
-292 -1589 0
-6616 -8546 0
-5906 -5995 0
8726 -5427 0
-410 -7714 0
6130 -7545 0
-5211 -6470 0
6260 -7166 0
4734 -8004 0
3884 -5709 0
-791 -6076 0
-4660 -7927 0
-4468 -816 0
-8548 -7647 0
-3800 -1052 0
8642 -55 0
4453 -825 0
1997 -3476 0
5949 -1210 0
4603 -5685 0
-4963 -1974 0
-8116 -2868 0
6011 -3354 0
883 -9199 0
4356 -5774 0
1258 -6828 0
2059 -4048 0
-3126 -2815 0
-8348 -1314 0
7019 -7061 0
6238 -8901 0
-1426 -3198 0
1869 -3545 0
7976 -4801 0
-1286 -7326 0
7547 -1473 0
7128 -8616 0
641 -6097 0
-3258 -8964 0
1298 -7580 0
-3165 -3816 0
-6011 -5942 0
1278 -116 0
2610 -7626 0
-2334 -3031 0
8489 -2108 0
9234 -79 0
2219 -5628 0
-3265 -4399 0
9126 -3329 0
-3627 -3517 0
591 -3064 0
9109 -5089 0
-3794 -7507 0
371 -8036 0
779 -3037 0
8767 -8547 0
-5560 -7523 0
3754 -7621 0
4380 -2497 0
2633 -7532 0
-7877 -3599 0
8896 -3333 0
-2669 -21 0
-585 -4794 0
-7924 -368 0
-3670 -3192 0
197 -9059 0
-2021 -3320 0
285 -695 0
3782 -3742 0
1782 -9185 0
2845 -7806 0
8355 -759 0
-3413 -1586 0
7444 -6402 0
9178 -7630 0
3853 -6633 0
7890 -5261 0
-4464 -2839 0
7212 -1573 0
2774 -8596 0
-3239 -4304 0
-5054 -5850 0
-6271 -6131 0
-2511 -7671 0
-8393 -1059 0
-6341 -8657 0
4270 -481 0
-6594 -358 0
-3494 -4029 0
4357 -2366 0
9038 -4086 0
8405 -1639 0
-8016 -2859 0
7199 -2776 0
-9120 -1672 0
-6970 -2033 0
7460 -5887 0
3556 -6967 0
1063 -7233 0
8351 -5193 0
3597 -508 0
-568 -424 0
-5598 -6799 0
782 -2816 0
-6555 -1088 0
-734 -7133 0
-7422 -4933 0
5268 -1440 0
-1694 -3842 0
-6521 -5612 0
-3054 -6813 0
-873 -8484 0
-2427 -2798 0
-8805 -2710 0
1077 -4549 0
432 -4809 0
5006 -458 0
2829 -4671 0
