9277 1912
-5513 -3249
9185 -6399
-1478 -8634
321 -3071
4385 -1601
3374 -3869
6690 -4749
5623 -7254
8418 -216
873 -1592
-3498 -2209
3098 -7962
-4298 -4945
-2111 -4145
3469 -8174
-689 -8646
-5126 -5065
-8912 -5266
2610 -8419
4067 -7559
-6147 -7846
7905 -5495
3330 -2919
6511 -5603
-2052 -2272
-3820 -3061
2874 -8683
-7298 -1777
-2127 -5865
8913 -9067
1073 -4385
5228 -7955
-4481 -8412
661 -1474
1398 -6157
269 -2187
4857 -8005
8817 -8063
-8871 -9125
-8616 -6600
-2265 -7912
-1581 -6020
1891 -4254
2756 -429
-2783 -4625
5871 -2336
-8348 -2078
-7241 -9269
7955 -4932
6499 -5971
-296 -1333
79 -7346
392 -7410
-6853 -6774
-5764 -8256
-5338 -5389
5418 -1291
6386 -1607
-6851 -7459
-4313 -137
1555 -7129
4428 -6261
5134 -4257
-255 -5154
-5876 -7699
6984 -3274
-4546 -8003
-6776 -5493
1731 -8716
6187 -8335
6678 -5109
8189 -1316
1732 -1125
-6768 -2692
-1127 -2714
-4704 -256
5481 -6962
675 -1720
-1683 -7904
8168 -4678
-4541 -6695
-5706 -2861
1682 -8293
8101 -6784
7022 -9169
-9168 -6829
6749 -3699
1378 -2368
2726 -2443
2175 -1717
4616 -3562
-7917 -4388
1248 -5388
-1530 -8952
6482 -2403
8952 -5470
-279 -6391
560 -418
3705 -1504
-2113 -316
-5373 -7514
-695 -7405
-793 -1617
962 -2135
5145 -4071
8040 -941
6743 -9119
-7866 -4146
1605 -4338
3824 -3444
-3477 -804
6435 -4533
5749 -2998
6448 -3777
-92 -1729
3223 -3365
6674 -1041
8214 -7930
-1445 -8819
-8031 -8109
-139 -4388
643 -6990
6935 -3746
2695 -8483
-8434 -3112
7315 -5292
4625 -60
5599 -2457
6905 -2060
8288 -6021
4136 -2785
2135 -2351
-2808 -5559
-4307 -2791
-1412 -9214
2462 -4653
4379 -7296
8242 -2448
-7595 -5290
7909 -4600
7596 -6597
1851 -385
2656 -990
-5222 -4842
-6891 -8301
2687 -2667
3076 -3105
3382 -3207
4306 -5868
-6718 -3108
5686 -9138
8451 -4645
-1303 -4288
-7661 -3297
2116 -688
3794 -4138
2764 -8054
-6721 -8686
4334 -5903
-8547 -4324
-6720 -2039
3966 -5445
-4473 -1798
5320 -7252
8407 -296
-4428 -6094
-856 -931
7322 -4444
1935 -8322
5451 -1024
-7898 -6869
8769 -8545
-1198 -2772
7829 -5226
5817 -5090
918 -8123
-9059 -8342
-4726 -7850
-6841 -6141
3089 -8637
2729 -470
5016 -2207
9129 -868
2552 -5309
-1716 -7158
-3048 -3766
-2093 -4827
6397 -6624
3947 -1080
-600 -4175
1976 -2246
-314 -6792
3554 -117
-7161 -441
9254 -5716
8440 -5340
-4071 -5702
-5325 -651
2243 -438
8575 -5550
-1672 -6175
8313 -3888
-3826 -1871
275 -4538
7736 -6967
5829 -2453
8245 -2472
7166 -6114
3966 -31
-1186 -8754
-7934 -276
-3494 -2034
532 -4409
-1541 -7159
8731 -3746
3259 -4442
2649 -8090
2230 -6910
-3041 -5908
-3831 -6852
-1372 -58
4032 -3584
4161 -807
550 -3232
-3534 -1792
7590 -6195
736 -8905
-2565 -1162
-1789 -8777
-4588 -6580
8524 -6781
7539 -1241
3650 -4778
5887 -5837
-8366 -7148
8519 -3547
-9110 -8028
5217 -316
8300 -4722
1846 -7961
2473 -8264
-1593 -5489
2648 -2767
8437 -9118
-3574 -8207
-3863 -3935
-1363 -5225
8615 -8157
-1693 -7871
4949 -7327
6407 -6803
-1975 -4455
279 -1570
6416 -2788
7257 -8171
-9098 -8675
-4512 -4554
6961 -6768
-949 -6427
8206 -8097
5611 -5196
1057 -8354
-2218 -5575
190 -5692
-5748 -4878
-214 -1381
2753 -3084
-2062 -4854
7723 -2662
286 -7987
9010 -8858
-1342 -2726
-1276 -403
-4206 -2275
-7413 -8789
-892 -4282
7787 -2875
-8042 -7139
7310 -3686
4835 -4128
-2570 -8979
3323 -64
-1191 -2302
4924 -6301
-6186 -6807
1824 -3721
-4485 -4598
58 -387
-361 -1306
1780 -997
-4034 -5081
7360 -7553
3944 -869
614 -1409
5772 -4156
7428 -1547
2850 -6514
-7384 -5922
-984 -7502
-1389 -1693
-2530 -6963
2068 -4534
-3943 -20
-1995 -368
-22 -5749
7055 -7125
8923 -1440
1627 -320
2480 -2042
7090 -8537
-9163 -8411
6856 -1135
8442 -9227
-1577 -4092
1203 -1997
-5155 -8277
-8067 -5592
1368 -2397
973 -2519
612 -3198
-8480 -6993
-5111 -7109
8734 -6124
8648 -2571
4337 -7662
2201 -868
1201 -8104
-2130 -3695
3557 -5927
9209 -5163
-385 -7749
5585 -6219
-9188 -519
5772 -7302
-5823 -8458
-2859 -5215
-2795 -9206
939 -7146
-3606 -1024
4118 -9113
1670 -619
1617 -8091
7361 -651
8271 -2261
6219 -330
1471 -8550
-6830 -5341
-4487 -8709
-8319 -6789
-2697 -4318
4659 -8824
8744 -6968
-5562 -4864
-6830 -8911
4068 -8338
7279 -7883
-6202 -4734
-5826 -3774
-1641 -2726
-4972 -1538
7578 -3645
5343 -691
-145 -3542
-6113 -5896
8485 -4070
1751 -8324
8409 -6259
4402 -7712
640 -83
-6834 -4214
7533 -6806
5949 -414
1577 -3251
-7383 -8365
-165 -3312
980 -3228
3136 -307
3146 -4210
-3090 -1084
-1374 -1347
3213 -5663
2802 -2190
7160 -5148
5755 -7857
8048 -1883
8410 -3681
-6886 -4389
2697 -3476
8047 -1739
-6656 -4790
-7167 -1591
5246 -2523
6813 -9036
-641 -769
8711 -7771
-2966 -5935
-174 -4854
7242 -2593
-1136 -4823
-5100 -2554
8707 -88
3181 -5579
608 -8717
-7528 -8494
-8824 -8076
4684 -2756
-1625 -8689
-4758 -5886
-2674 -6732
2180 -3116
-2831 -7593
1668 -6534
3370 -8761
5684 -3967
6950 -6890
3738 -4716
-4299 -137
5008 -1877
4389 -6597
1272 -8712
5851 -8503
-629 -3268
-8925 -9208
5637 -1309
864 -5067
-7251 -7302
1844 -6427
-513 -2901
-486 -8140
-3817 -6382
-7283 -2774
2873 -3268
908 -5659
2211 -2665
9094 -7568
1509 -6589
-7138 -8355
-8688 -6047
-8846 -232
3049 -2325
-4828 -2699
7257 -5160
3560 -4448
8627 -288
9232 -962
-7850 -1061
-6832 -4425
5678 -4459
1233 -1477
5564 -8238
-1507 -1802
8618 -761
895 -6671
-7774 -2152
2345 -2822
-2591 -8827
2286 -1700
-6662 -8781
1663 -6188
5661 -5844
4561 -9125
982 -8169
7323 -6015
-7677 -7359
-7250 -1059
3662 -1591
7981 -7767
4566 -6858
-4823 -7131
1738 -9205
-5770 -5944
-4240 -849
-1968 -7057
-6147 -1852
-1637 -1816
8405 -3534
-5868 -4945
-1346 -8678
6962 -3486
-8594 -2023
-3586 -171
7197 -6557
3707 -3366
2495 -5408
-2792 -8548
-3716 -7057
-1770 -3411
-8723 -313
-4691 -278
-8507 -8095
-4908 -9068
-3039 -4771
-2887 -567
7542 -4081
3389 -2887
-4014 -8776
-8767 -5118
-1876 -1324
-1075 -9169
1533 -7668
-3145 -6338
-6105 -5519
3374 -6420
-3999 -3366
6426 -281
7878 -1746
2080 -2600
94 -1674
1155 -8645
3758 -2434
-1365 -2977
5719 -3831
-4630 -4005
-8499 -1683
5978 -6374
-1637 -196
-4678 -2583
-7449 -665
-8600 -4051
739 -6407
-5031 -2514
-4522 -3180
4972 -8620
2198 -4747
6558 -1403
8021 -9182
-4872 -726
5616 -6150
-7321 -7519
3683 -7924
-5620 -2345
2468 -173
8306 -9262
3076 -7532
-906 -2739
5208 -479
-5734 -5715
-5125 -6007
5098 -2695
-5337 -5958
8169 -4641
4558 -8192
-1509 -8814
4249 -7581
-7822 -5843
-5563 -7921
-1280 -4865
-3102 -1213
2568 -8392
-1825 -6586
8544 -7042
-5469 -7584
5539 -8985
-5049 -4012
-6148 -9089
4450 -7809
-2365 -8480
-6781 -8844
-2008 -4580
4477 -2048
-2445 -1002
-215 -6904
5773 -5015
-6015 -8758
5816 -5577
-546 -5650
-8899 -4276
-4257 -2416
6225 -4827
-3501 -1286
-3778 -6752
-1 -3469
3581 -5131
-7408 -3931
-6266 -8000
-147 -1627
-5459 -5983
-3663 -1501
8723 -5727
-2764 -4445
-3478 -1907
1401 -222
-7748 -2361
-4984 -4980
634 -3590
3535 -7677
5960 -4782
7013 -7300
-337 -2601
5043 -3844
-2715 -1301
-7727 -4221
162 -1035
6814 -915
4124 -7483
-2848 -3665
6717 -2870
-1309 -4018
2248 -8763
-8594 -8416
-8986 -3458
5137 -3120
-961 -886
4253 -7837
556 -6573
-6876 -5818
-8478 -1941
3575 -3256
6765 -886
-1890 -4638
-2058 -497
-2056 -3559
8299 -6582
-4462 -217
-4712 -8087
1560 -5332
-6229 -5238
5005 -3203
4359 -4645
5194 -5678
-1305 -4027
3635 -1207
-327 -8927
6119 -8036
-5167 -1550
-8902 -7569
-1827 -7373
-7727 -8272
-8747 -3031
2899 -7072
7065 -6374
3707 -4674
-1111 -4841
-8487 -4347
-9248 -1973
-35 -1943
4352 -7505
-2408 -5788
7784 -8561
-7496 -3940
-5808 -884
-7829 -3506
-371 -3932
-4725 -566
745 -6068
-285 -17
-4751 -827
-131 -5771
-5284 -6401
-1094 -7202
3972 -3864
-8009 -1942
-1843 -8374
1442 -9255
6225 -5521
7422 -587
8338 -4669
4179 -7839
-1054 -4620
2254 -7167
-4818 -8919
6559 -3405
-2275 -2918
7433 -3862
8348 -4337
-6075 -4871
1901 -4316
504 -5445
-2495 -6371
-7759 -5065
7998 -8796
6768 -2709
-8198 -1476
938 -5232
2103 -3991
-1022 -7356
-1136 -6409
-92 -3516
-6170 -1519
8137 -497
-1745 -1587
-5373 -3635
6993 -2869
-4092 -2848
-7591 -6007
7609 -7683
-8530 -7495
-7172 -7886
3935 -4930
-3375 -4269
6624 -9254
-2570 -1359
1017 -184
-8522 -6789
-6900 -1894
-5308 -2445
-9000 -3832
-2899 -5457
-8381 -716
7702 -1616
-3278 -3938
3810 -2993
-5490 -5907
5961 -5912
1503 -2314
3325 -4413
-4206 -143
1503 -5930
1829 -8208
-5746 -4820
5859 -4216
7098 -6209
4288 -2002
9138 -8338
1171 -2666
5062 -8523
-2456 -5948
1045 -8685
-1092 -4219
4239 -4973
-212 -9270
-3579 -2679
7722 -3729
-7340 -5633
2846 -4415
-5382 -3659
6486 -7546
-620 -7109
-8360 -814
2298 -801
88 -6033
7394 -2463
-202 -6812
5103 -256
3380 -4363
3764 -8809
7674 -7751
-351 -2939
-556 -2013
-2805 -1069
4246 -5936
-3723 -8447
-7878 -2005
-401 -4252
-2754 -7883
4948 -6605
4845 -7647
685 -8283
6327 -932
1375 -6008
8079 -4358
5943 -4141
6050 -7453
-6458 -606
-5926 -3738
6780 -8357
-2035 -2650
-1954 -6849
2969 -4137
1368 -7591
2278 -7828
-6287 -6281
3516 -7141
-5779 -2890
4949 -9245
3641 -2901
958 -7181
-8655 -8811
-2337 -3549
4516 -1765
3629 -2594
3801 -4915
9034 -6381
6842 -4390
6224 -6049
-2343 -694
-4986 -7487
-13 -6034
-4404 -4237
4517 -7810
5540 -2662
899 -4387
6691 -8499
5876 -1980
6996 -4478
1916 -5298
5826 -9028
-8674 -4288
-8371 -7152
8008 -3426
7428 -1192
9160 -3125
7101 -6090
987 -7572
-8235 -424
2300 -8646
-7812 -5132
8448 -4630
6339 -7777
-3650 -397
7128 -3604
-7858 -6186
-2742 -2519
7542 -3425
-1559 -885
4599 -988
3906 -5798
6610 -8834
7997 -8490
180 -4433
8457 -454
-3597 -184
1172 -5931
7138 -1218
3302 -2805
898 -8258
4909 -7416
-7283 -588
5779 -8051
-3222 -164
8551 -4936
9012 -5505
-8431 -9026
2478 -6614
79 -6800
4193 -8553
-3293 -933
-1203 -7992
-7048 -1936
-9252 -576
6832 -7834
-8552 -8394
-4618 -5851
-1618 -8897
4600 -1758
658 -6408
8485 -457
-5272 -37
-7284 -2122
991 -7199
-8551 -279
-8961 -6495
2803 -4828
-5118 -2991
-6630 -7269
-6413 -7153
3310 -3399
8235 -83
-5304 -5494
2214 -7068
2104 -3385
6032 -3002
-4342 -5458
1797 -3986
8651 -1410
1023 -7525
-9127 -5334
8606 -5742
6322 -1701
7831 -3452
-1827 -7275
7613 -4869
7051 -5190
-211 -5893
-5079 -8821
8305 -2114
2865 -7532
-4718 -1906
9099 -7898
-5331 -5723
-7426 -2953
2002 -4340
8772 -6248
8899 -4435
1626 -3254
-7791 -4431
644 -4735
6095 -7312
-8831 -4502
-1587 -8489
6078 -2083
7845 -143
-3356 -3933
-3323 -4654
-8991 -4259
-3887 -6491
-6892 -7104
3717 -3271
4479 -6388
6293 -6847
2786 -2805
4614 -4216
-2545 -5241
-3298 -2031
5002 -2895
-7399 -3339
6012 -8530
8612 -344
-5353 -7624
-5792 -8876
7830 -8234
7917 -1548
9022 -7325
6201 -6892
1791 -2862
-2259 -337
3679 -7703
-3904 -8293
1507 -4612
-2138 -5950
-4473 -7520
-6792 -7050
1118 -1059
66 -2238
-1933 -9237
6754 -6546
4464 -3112
-8781 -1019
6799 -1313
2072 -9257
655 -2332
5280 -3953
-4116 -7889
-1611 -3169
-1077 -8352
7092 -2486
-4053 -5170
7202 -9049
7122 -3177
9172 -3592
-8638 -7247
-104 -1287
7578 -2871
2433 -4708
6831 -3177
-2712 -5657
-8606 -2005
161 -570
7339 -2352
4739 -7351
-6566 -7919
-2672 -3705
8199 -3707
-3089 -3467
4713 -2705
-8854 -682
8595 -2747
-38 -4698
6038 -1908
-8464 -5617
3554 -7904
4817 -4335
-5755 -3508
-3426 -1678
-7539 -5588
5290 -6986
-949 -5804
-5415 -7380
-2813 -5154
-5198 -8162
-4368 -4467
6010 -3886
-3111 -985
-6551 -6553
1502 -99
5836 -6954
-8881 -1738
-6906 -1248
-8846 -6019
-1499 -6166
-7782 -6469
-8652 -1216
1248 -4930
-7323 -5009
-6197 -4659
-7890 -403
-9030 -3530
8828 -5762
-6429 -5735
-6768 -9260
2770 -3890
2559 -6361
9015 -1148
6137 -8260
5836 -2555
9189 -5157
2170 -5805
-3564 -5220
-4453 -7631
-4026 -2227
-4798 -2923
-6663 -1857
-7218 -6094
-926 -3956
-307 -5658
8582 -6507
3209 -7627
6201 -7238
-151 -1938
-1218 -7638
-5073 -2561
-5465 -7622
922 -7420
-264 -1769
8093 -9071
352 -1897
-121 -1316
-7359 -6763
1551 -6034
5179 -4367
-1206 -3856
-3668 -614
8318 -4440
-8705 -1035
-2685 -5698
3673 -3943
3303 -6765
5779 -176
-2735 -3946
-100 -8838
6562 -2084
-1137 -1448
-2990 -1784
-4015 -6995
816 -6582
-7209 -4113
466 -7291
-7385 -549
7096 -3438
5418 -1362
1345 -8826
-805 -3861
612 -7085
7715 -3546
-2002 -5017
7960 -6754
3457 -8508
6800 -952
2729 -8773
3463 -5261
-9066 -2732
6923 -6302
6195 -2683
-4076 -5373
5833 -6058
-3757 -7743
2340 -4844
7587 -6547
-915 -4400
-4688 -6085
3552 -7332
5261 -5476
-7458 -4879
2390 -8724
6074 -7893
1114 -8994
-7629 -1518
9187 -4910
-5340 -122
-1882 -2589
-7739 -4415
-7452 -5256
4206 -4186
-8010 -6677
-813 -6047
2386 -3813
7762 -5541
-5940 -1697
-7257 -1127
3614 -5503
8666 -1985
7817 -5342
-4106 -8151
-3869 -3725
-3598 -8204
3988 -6612
3277 -5153
8158 -4776
4773 -4319
-2056 -6012
-7518 -6580
-3984 -5220
2430 -6211
4685 -6984
8092 -1606
-3364 -8720
-2569 -8006
-848 -2420
-1199 -9138
4393 -7398
-6579 -5924
-8125 -1767
3830 -6542
-6832 -5723
1954 -1527
-7675 -3789
-5789 -7520
-8655 -7886
-5251 -8058
5038 -8357
-2046 -3773
-1067 -1349
-3418 -1642
3103 -1182
3634 -1355
5173 -1906
212 -7357
-3259 -7460
6706 -722
1438 -7054
6847 -7566
-2362 -1501
-110 -7688
-7045 -6949
-1149 -1577
3607 -3256
5382 -2879
-1601 -4560
-894 -1491
8605 -119
-7948 -8863
3009 -959
-6497 -9014
-8292 -1384
-7697 -648
-1053 -7700
-7091 -4574
423 -4458
-8696 -2133
6067 -2160
-4774 -3507
1656 -3522
-8763 -3100
-6031 -662
4722 -3999
5029 -5083
7859 -4060
-5359 -4220
3017 -6621
6536 -2317
-7832 -1265
7226 -4054
8684 -8860
-6995 -3854
2578 -4625
6117 -9083
-3093 -8698
8837 -6632
2675 -4258
1539 -2768
1303 -916
2780 -7863
-9039 -8629
-574 -6388
3195 -1101
-654 -4528
-7400 -2187
7463 -1018
493 -7276
420 -6627
-7808 -1052
-7021 -4072
201 -7479
8159 -828
2684 -423
5070 -7605
-4422 -4515
9135 -6722
4791 -745
7316 -7066
5893 -4710
-5585 -9006
-1023 -4243
5194 -2753
-4665 -7796
8989 -2930
2856 -7991
5825 -2514
-6343 -8439
4309 -2693
-7085 -3977
-1489 -4155
3438 -2011
8475 -2845
-2923 -8890
-1888 -7769
-6867 -2813
7786 -1325
-388 -4208
1147 -3328
-1048 -2140
-3014 -7695
6588 -6155
-5357 -1383
7675 -214
-1584 -2026
-2341 -673
4176 -5223
719 -2679
6888 -790
-8123 -6572
5085 -951
-2966 -1259
-5519 -451
-7380 -6043
-5350 -4229
-6590 -3285
8023 -8634
-8947 -8252
2023 -6038
7660 -804
-7519 -4099
-6931 -5986
7804 -9014
1606 -7519
980 -8972
1200 -8493
3597 -4585
8677 -1747
2674 -6127
-4350 -6081
5659 -4865
-7473 -8778
2344 -5306
-3237 -7858
6495 -2313
6314 -2984
170 -8759
-473 -8299
-5980 -1372
3799 -2122
-7676 -3095
2023 -248
7343 -8323
6335 -448
2926 -8450
-3168 -2566
-5619 -6140
9003 -3366
-7951 -3383
7047 -1035
-234 -7595
-4681 -8703
-1388 -859
-866 -7274
-2432 -2341
-5506 -17
-2353 -3109
-7907 -6216
5395 -4069
-3392 -1698
3562 -1501
-5278 -1974
8513 -1284
-3393 -2742
-7937 -2682
-2652 -1267
800 -7034
-3665 -755
-8473 -8372
944 -3007
-1235 -9249
2584 -5849
-2458 -9090
8731 -2312
-8194 -4926
-5544 -6071
856 -6500
-9107 -3675
-6282 -5874
6060 -5517
-6029 -6076
1647 -2581
4446 -399
-6069 -8830
2414 -2897
1403 -4487
-7186 -8722
-1643 -7878
-7459 -6205
-1363 -6211
199 -2412
-1195 -6083
-6026 -7480
-3990 -8614
-6772 -6376
-5254 -5354
8807 -3003
-1345 -1903
-3867 -2495
-6397 -4989
580 -3685
-7152 -2561
452 -1265
-2533 -61
3672 -3484
6952 -2235
-8359 -3792
-1091 -4317
-7459 -7735
3376 -5640
-3524 -6629
6969 -8596
8927 -5519
-8005 -7194
-8881 -2504
2716 -924
2080 -4367
3418 -4939
4341 -5801
6033 -6361
-6739 -6206
-528 -3907
-4842 -5048
-3933 -8831
-6855 -8456
5401 -5394
-1486 -7416
-4226 -7922
7273 -7162
7473 -4112
4973 -2705
-2398 -1566
-5935 -5092
5964 -2853
4642 -2816
-7129 -4566
4626 -993
9138 -9220
-6501 -8188
-2075 -9240
-8229 -3030
5432 -1217
-2621 -5449
5090 -1210
4087 -1236
-5216 -1271
-3673 -3660
7291 -7476
3109 -424
-4577 -3123
-568 -7287
7007 -3334
6479 -6685
-3921 -1213
-7530 -1276
-6137 -8243
-4591 -32
-8804 -2388
8344 -3706
6495 -920
-5008 -7263
-6511 -1723
5401 -5245
7837 -6421
-1305 -6076
179 -8860
-9087 -8621
-5967 -2600
6721 -2032
-3838 -5401
-6134 -7457
-2567 -6120
-5147 -5163
5807 -7394
973 -4488
-2840 -8541
-2012 -5644
7897 -5539
-1912 -4528
-4282 -5253
-7659 -6187
-2370 -58
1701 -7117
4077 -2082
-1319 -8499
-9166 -1545
8563 -3667
-3090 -3590
-5011 -5018
-40 -1552
8528 -3183
-2918 -8661
-5070 -5013
207 -8914
5675 -7260
-4483 -4762
5924 -5840
-7430 -2231
-2666 -3496
-6213 -1953
4842 -5390
-3687 -1377
-3022 -3480
6706 -7579
7274 -7675
8504 -4151
-1850 -2975
-1781 -9076
1925 -822
-768 -2777
-3973 -1768
3963 -772
-3023 -8235
5336 -1931
2682 -7091
9272 -2680
-7663 -6410
6720 -697
6850 -8510
-3217 -733
6320 -2025
8607 -4700
8956 -7849
-8387 -5117
6968 -1363
-6865 -6642
-4696 -3888
8640 -4394
-8497 -2335
1880 -4897
-4175 -5016
-8423 -7063
-5826 -2485
9014 -7482
-3735 -3449
-2356 -760
-4790 -7955
7731 -6269
-1233 -5176
4348 -1059
-2063 -3771
573 -8077
-1618 -8157
152 -1487
6716 -8750
-9130 -1749
7463 -2849
-3669 -3494
-2201 -8820
-8088 -3086
-1105 -2359
2620 -3738
2684 -75
-49 -1885
9155 -7103
-3332 -4581
-4762 -4182
-1660 -5182
157 -8648
2743 -7942
-6542 -6974
8417 -2214
6759 -6124
-7599 -2234
-2415 -3131
-3146 -3020
9200 -8049
1380 -8411
9013 -3253
2291 -5589
6729 -901
-77 -8250
4149 -739
-2245 -9035
2268 -1623
-2064 -2749
-339 -7843
-1693 -2636
-2946 -7465
-2072 -1315
-7532 -6584
1631 -8997
-4018 -9084
2239 -873
-719 -7398
-7142 -8279
-3626 -1126
-5097 -4046
6329 -326
-979 -4121
-1220 -5581
-2194 -1709
-3646 -281
6156 -5716
2524 -2730
-297 -109
-1324 -7510
-7930 -4521
-854 -1029
4560 -383
6002 -4132
-6615 -4007
8507 -1539
-5102 -8264
-8845 -1508
6378 -3423
6056 -6410
-1047 -789
3629 -6413
8794 -5137
5372 -9272
-4818 -3891
3445 -4068
810 -3892
-5257 -3148
-4498 -7427
3056 -2057
-2588 -9257
-426 -2646
-7982 -6479
-4003 -1741
7853 -8450
-8037 -7519
-7696 -3888
4097 -3354
-3661 -8479
-3666 -9245
-2312 -9034
7326 -4552
443 -2484
6598 -1312
3046 -8046
6232 -762
5467 -5416
-6503 -652
-4686 -244
1192 -3656
7747 -6074
1038 -3611
2397 -3088
3376 -1998
4154 -7821
-1235 -9035
-8626 -2127
-418 -4544
7590 -5094
4688 -88
8792 -3810
6941 -2575
-1411 -4880
2696 -4606
-9167 -3451
-7640 -8039
-7465 -4737
6224 -6774
-1552 -3891
3674 -9074
9008 -9223
-1666 -2218
-2235 -4887
6102 -4584
6933 -2843
739 -7621
-6432 -2530
-4522 -3722
-2146 -2242
7906 -3207
-4410 -7689
2869 -738
8357 -7919
8719 -6338
-3794 -4655
3206 -6528
-8536 -1911
2144 -8726
8501 -6687
6567 -1275
-610 -1312
-363 -4872
1722 -6582
-2431 -474
501 -7614
6857 -5233
-7317 -4145
-1266 -824
2648 -5572
1205 -7191
-7225 -7417
2209 -3044
-2970 -6149
-8774 -2476
-6731 -7075
-4330 -6374
1561 -9145
-512 -2240
-5266 -3323
2961 -1784
-3825 -8144
3338 -8451
8044 -7087
-3238 -4417
937 -3230
3785 -8409
876 -8106
6822 -6052
527 -983
-5169 -3762
-196 -7864
-247 -3755
6776 -4759
-215 -8659
-5497 -4237
7277 -6256
-8403 -1146
8756 -3856
-4672 -5750
-3928 -5818
-3242 -7334
-7840 -3211
-8734 -8284
4457 -4069
-2769 -4616
-2572 -1464
572 -1967
-4193 -4811
-2012 -8099
7535 -4243
-5772 -4635
8619 -4681
-9176 -2111
1777 -1921
-2238 -6213
-4078 -1509
537 -4192
5447 -6276
218 -7236
2726 -2133
-4529 -8023
1070 -2977
4896 -4600
-9226 -2363
-466 -8443
-6508 -8072
4246 -8518
3679 -422
-2359 -1229
-4403 -6271
4333 -443
3811 -335
-1470 -296
8251 -3672
5431 -6007
-2507 -5251
5183 -2850
2560 -1738
-8768 -6531
-4148 -6176
5491 -1663
-1735 -1184
-3914 -4035
-3156 -6080
3063 -4017
-7418 -5584
8496 -8034
-5470 -3961
-6717 -2049
5735 -4082
-4356 -4132
-1096 -4355
7364 -814
8044 -8516
-8135 -9270
-5130 -2763
-1106 -4261
-2252 -4169
4869 -8013
-6487 -8360
-8832 -3273
8253 -2179
-2944 -8303
-3916 -4392
-7726 -710
-486 -6981
-8667 -2450
-5567 -2025
-1415 -4748
-6188 -6213
-4642 -3399
1741 -1353
-4279 -4977
-3877 -4421
-6707 -8195
312 -7662
2064 -8284
1936 -204
-4592 -3223
-5546 -7893
-4410 -951
-7078 -4477
-4443 -4901
4173 -3454
5143 -2476
8214 -5619
-1993 -4715
-4000 -7923
6902 -8948
-3591 -1306
3009 -3138
-5993 -7248
2585 -6028
-182 -2420
9067 -7609
6811 -1739
-6398 -2858
1452 -3269
-1117 -3973
-2457 -7283
-5584 -3695
-1934 -7408
-6524 -6534
3029 -5762
5072 -5931
2151 -6906
-4327 -6745
9073 -4517
-1020 -6586
2658 -3918
-5419 -8358
5655 -7437
-7309 -8115
-4577 -7825
-2262 -7345
319 -5516
953 -337
7488 -7096
4778 -4910
-6762 -6089
2662 -1130
8294 -6617
3227 -678
300 -3130
-8013 -1167
-3112 -8193
4558 -7772
7895 -5175
-2658 -9177
5497 -8333
-7809 -1318
6389 -906
-2191 -750
7980 -283
246 -4528
-8885 -5121
8875 -2820
3634 -1370
-558 -2683
7498 -7666
7218 -5382
-2629 -4148
6414 -305
-8637 -932
-4243 -1628
8156 -7657
4674 -4319
-4938 -4209
-5769 -3244
-2627 -43
7066 -940
-7926 -1317
-100 -3899
107 -3707
-3812 -8533
-5535 -1647
-1252 -6537
-3505 -8866
2889 -8963
6655 -1037
3895 -7079
4670 -6856
-2526 -8655
672 -5700
3998 -7466
1729 -4913
6696 -2585
6684 -4317
1931 -1879
8088 -6280
6498 -4510
-7437 -656
-2997 -8718
3983 -4695
-714 -7668
7916 -4672
-2318 -1524
3368 -4960
-7797 -4297
3034 -2256
-1084 -1746
-6889 -9216
7862 -6939
-7068 -3827
-292 -1589
-6616 -8546
-5906 -5995
8726 -5427
-410 -7714
6130 -7545
-5211 -6470
6260 -7166
4734 -8004
3884 -5709
-791 -6076
-4660 -7927
-4468 -816
-8548 -7647
-3800 -1052
8642 -55
4453 -825
1997 -3476
5949 -1210
4603 -5685
-4963 -1974
-8116 -2868
6011 -3354
883 -9199
4356 -5774
1258 -6828
2059 -4048
-3126 -2815
-8348 -1314
7019 -7061
6238 -8901
-1426 -3198
1869 -3545
7976 -4801
-1286 -7326
7547 -1473
7128 -8616
641 -6097
-3258 -8964
1298 -7580
-3165 -3816
-6011 -5942
1278 -116
2610 -7626
-2334 -3031
8489 -2108
9234 -79
2219 -5628
-3265 -4399
9126 -3329
-3627 -3517
591 -3064
9109 -5089
-3794 -7507
371 -8036
779 -3037
8767 -8547
-5560 -7523
3754 -7621
4380 -2497
2633 -7532
-7877 -3599
8896 -3333
-2669 -21
-585 -4794
-7924 -368
-3670 -3192
197 -9059
-2021 -3320
285 -695
3782 -3742
1782 -9185
2845 -7806
8355 -759
-3413 -1586
7444 -6402
9178 -7630
3853 -6633
7890 -5261
-4464 -2839
7212 -1573
2774 -8596
-3239 -4304
-5054 -5850
-6271 -6131
-2511 -7671
-8393 -1059
-6341 -8657
4270 -481
-6594 -358
-3494 -4029
4357 -2366
9038 -4086
8405 -1639
-8016 -2859
7199 -2776
-9120 -1672
-6970 -2033
7460 -5887
3556 -6967
1063 -7233
8351 -5193
3597 -508
-568 -424
-5598 -6799
782 -2816
-6555 -1088
-734 -7133
-7422 -4933
5268 -1440
-1694 -3842
-6521 -5612
-3054 -6813
-873 -8484
-2427 -2798
-8805 -2710
1077 -4549
432 -4809
5006 -458
2829 -4671
